93445894,14376
93445905,14376
93445906,14376
93445907,14376
93445908,14376
26847553,14376
26847554,14376
26847555,14376
26847556,14376
26847557,14376
93445909,14376
26847549,14376
26847550,14376
26847551,14376
26847552,14376
26847559,14376
26847560,14376
26847561,14376
26847562,14376
26847563,14376
26846694,14376
26846695,14376
26846696,14376
26846697,14376
93445880,14376
93445881,14376
93445890,14376
93445891,14376
93445892,14376
93445893,14376
26847594,14376
26847595,14376
26847596,14376
26847597,14376
26847598,14376
93445915,14376
93445916,14376
93445917,14376
93445918,14376
93445919,14376
93445878,14376
93445879,14376
93445882,14376
93445883,14376
93445884,14376
26847569,14376
26847570,14376
26847571,14376
26847572,14376
26847573,14376
26847564,14376
26847565,14376
26847566,14376
26847567,14376
26847568,14376
82617313,14376
82617314,14376
82617315,14376
82617316,14376
82617317,14376
