26897565
26897564
26897572
26897562
26897567
26897653
26897573
26897570
26897571
26897655
26897657
26897649
26897646
26897569
26897566
26897647
26897654
26897651
26897678
26897652
26897656
26897648
26897679
26897674
26897650
26897668
26897667
26897659
26897664
26897660
26897690
26897663
26897661
26897692
26897662
26897688
26897687
26897689
26897691
26897693
26897684
26897686
26897683
26897658
26897677
26897671
26897681
26897680
26897672
26897676
26897675
26897685
26897670
26897682
26897673
26897645
26897632
26897640
26897625
26897644
26897642
26897641
26897635
26897754
26897628
26897769
26897768
26897766
26897669
26897770
26897771
26897772
26897666
26897767
26897665
26897773
26897775
26897776
26897634
26897639
26897774
26897638
26897636
26897777
26897629
26897624
26897643
26897637
26897631
26897627
26897623
26897759
26897622
26897630
26897626
26897633
26897764
26897758
26897763
26897757
26897761
26897755
26897756
26897762
26897760
26897730
26897765
26897734
26897741
26897732
26897736
26897735
26897740
26897731
26897733
26897838
26897698
26897696
26897694
26897705
26897695
26897702
26897701
26897700
26897697
26897726
26897718
26897699
26897720
26897721
26897724
26897729
26897725
26897719
26897728
26897840
26897841
26897704
26897845
26897839
26897847
26897843
26897848
26897703
26897842
26897727
25897713
26897716
26897710
26897707
26897712
26897711
26897723
26897706
26897714
26897747
26897739
26897742
26897708
26897709
26897745
26897743
26897737
26897738
26897746
26897749
26897722
26897750
26897717
26897752
26897744
26897753
26897751
26897715
26897748
26897899
26897909
26897906
26897904
26897907
26898165
26897908
26897905
26898167
26898164
26897883
26897901
26897903
26897884
26897902
26897881
26897898
26897882
26897900
26897885
26898166
26898058
26898162
26898059
26898057
26897826
26897829
26897831
26898054
26897830
26897828
26897837
26897834
26897833
26897832
26897835
26897927
26897836
26897922
26897827
26897928
26897929
26897933
26897923
26897924
26897930
26897931
26897926
26897932
26897925
26897891
26897887
26897890
26897895
26897892
26897886
26897889
26897896
26897897
26897888
26897921
26897916
26897918
26897911
26897917
26897914
26897920
26897919
26897912
26897910
26897973
26897894
26897893
26897972
26897971
26897975
26897976
26897979
26897970
26897974
26898083
26898080
26897977
26898078
26897978
26898079
26898082
26898081
26897980
26897981
26897874
26897880
26897877
26897879
26897875
26897844
26897876
26897849
26897878
26897846
26898000
26897998
26898002
26897995
26898001
26898003
26897915
26898004
26897913
26898005
26898084
26898085
26898087
26897999
26898088
26897994
26898089
26897997
26898086
26897996
