67303852,101050
67303853,101050
67303854,101050
67303855,101050
67303856,101050
67303857,101050
67303858,101050
67303859,101050
67303860,101050
67303861,101050
67303862,101050
67303863,101050
67303864,101050
67303865,101050
67303866,101050
67303867,101050
19529836,101050
35511861,101050
35545027,101050
35545028,101050
35545030,101050
35545032,101050
35545034,101050
36583185,101050
36583189,101050
36583190,101050
36583191,101050
36583192,101050
36583193,101050
36583194,101050
36583196,101050
36583197,101050
36583198,101050
36583199,101050
36583200,101050
36583201,101050
36583202,101050
36583203,101050
36583204,101050
36583205,101050
36583206,101050
36583207,101050
36583208,101050
36664235,101050
36664237,101050
36664240,101050
36664248,101050
36664268,101050
